0,1,2,3,4,5,6,7,8,9,10,11,12,13,14,15,16,17,18,19,20,21,22,23,24
0.6136360377067968,2.272725981405692e-08,2.272725981405692e-08,2.272725981405692e-08,2.272725981405692e-08,2.272725981405692e-08,2.272725981405692e-08,2.272725981405692e-08,2.272725981405692e-08,2.272725981405692e-08,0.11363632179754443,2.272725981405692e-08,2.272725981405692e-08,2.272725981405692e-08,2.272725981405692e-08,2.272725981405692e-08,2.272725981405692e-08,2.272725981405692e-08,2.272725981405692e-08,2.272725981405692e-08,2.272725981405692e-08,0.18181810123971517,0.09090906198348751,2.272725981405692e-08,2.272725981405692e-08
1.724137187871902e-08,0.8275858674198849,1.724137187871902e-08,1.724137187871902e-08,1.724137187871902e-08,1.724137187871902e-08,0.0172413891200909,1.724137187871902e-08,1.724137187871902e-08,1.724137187871902e-08,1.724137187871902e-08,0.13793099227112404,1.724137187871902e-08,1.724137187871902e-08,1.724137187871902e-08,1.724137187871902e-08,1.724137187871902e-08,1.724137187871902e-08,1.724137187871902e-08,1.724137187871902e-08,1.724137187871902e-08,0.0172413891200909,1.724137187871902e-08,1.724137187871902e-08,1.724137187871902e-08
1.0309275693485647e-08,1.0309275693485647e-08,0.8247420657881274,1.0309275693485647e-08,0.14432987001807474,1.0309275693485647e-08,1.0309275693485647e-08,0.010309286002761339,1.0309275693485647e-08,1.0309275693485647e-08,1.0309275693485647e-08,1.0309275693485647e-08,1.0309275693485647e-08,1.0309275693485647e-08,1.0309275693485647e-08,1.0309275693485647e-08,0.020618561696246988,1.0309275693485647e-08,1.0309275693485647e-08,1.0309275693485647e-08,1.0309275693485647e-08,1.0309275693485647e-08,1.0309275693485647e-08,1.0309275693485647e-08,1.0309275693485647e-08
2.1739118620044232e-08,2.1739118620044232e-08,2.1739118620044232e-08,0.8913038851609322,0.06521737759925132,0.021739140359162853,2.1739118620044232e-08,2.1739118620044232e-08,2.1739118620044232e-08,2.1739118620044232e-08,2.1739118620044232e-08,2.1739118620044232e-08,2.1739118620044232e-08,2.1739118620044232e-08,2.1739118620044232e-08,0.021739140359162853,2.1739118620044232e-08,2.1739118620044232e-08,2.1739118620044232e-08,2.1739118620044232e-08,2.1739118620044232e-08,2.1739118620044232e-08,2.1739118620044232e-08,2.1739118620044232e-08,2.1739118620044232e-08
1.4285709183675292e-08,1.4285709183675292e-08,0.21428565204083858,1.4285709183675292e-08,0.5571426724490456,1.4285709183675292e-08,1.4285709183675292e-08,1.4285709183675292e-08,1.4285709183675292e-08,1.4285709183675292e-08,1.4285709183675292e-08,1.4285709183675292e-08,1.4285709183675292e-08,1.4285709183675292e-08,1.4285709183675292e-08,1.4285709183675292e-08,1.4285709183675292e-08,1.4285709183675292e-08,0.042857141836735065,0.1714285244898127,1.4285709183675292e-08,1.4285709183675292e-08,1.4285709183675292e-08,1.4285709183675292e-08,0.014285723469384476
1.9999990000005003e-08,1.9999990000005003e-08,1.9999990000005003e-08,0.020000009999995003,1.9999990000005003e-08,0.8599995900002052,1.9999990000005003e-08,1.9999990000005003e-08,0.020000009999995003,1.9999990000005003e-08,0.09999997000001502,1.9999990000005003e-08,1.9999990000005003e-08,1.9999990000005003e-08,1.9999990000005003e-08,1.9999990000005003e-08,1.9999990000005003e-08,1.9999990000005003e-08,1.9999990000005003e-08,1.9999990000005003e-08,1.9999990000005003e-08,1.9999990000005003e-08,1.9999990000005003e-08,1.9999990000005003e-08,1.9999990000005003e-08
1.53846094674579e-08,0.030769234319525267,1.53846094674579e-08,1.53846094674579e-08,1.53846094674579e-08,1.53846094674579e-08,0.7999997076924201,1.53846094674579e-08,1.53846094674579e-08,1.53846094674579e-08,1.53846094674579e-08,0.16923071952664634,1.53846094674579e-08,1.53846094674579e-08,1.53846094674579e-08,1.53846094674579e-08,1.53846094674579e-08,1.53846094674579e-08,1.53846094674579e-08,1.53846094674579e-08,1.53846094674579e-08,1.53846094674579e-08,1.53846094674579e-08,1.53846094674579e-08,1.53846094674579e-08
6.666655555574072e-08,6.666655555574072e-08,6.666655555574072e-08,6.666655555574072e-08,6.666655555574072e-08,6.666655555574072e-08,6.666655555574072e-08,0.4666659555567407,6.666655555574072e-08,6.666655555574072e-08,6.666655555574072e-08,6.666655555574072e-08,6.666655555574072e-08,6.666655555574072e-08,0.19999973333377774,6.666655555574072e-08,6.666655555574072e-08,0.33333284444525924,6.666655555574072e-08,6.666655555574072e-08,6.666655555574072e-08,6.666655555574072e-08,6.666655555574072e-08,6.666655555574072e-08,6.666655555574072e-08
3.225803850158185e-08,3.225803850158185e-08,3.225803850158185e-08,3.225803850158185e-08,3.225803850158185e-08,0.03225807075962035,0.03225807075962035,3.225803850158185e-08,0.9032251103023304,3.225803850158185e-08,0.03225807075962035,3.225803850158185e-08,3.225803850158185e-08,3.225803850158185e-08,3.225803850158185e-08,3.225803850158185e-08,3.225803850158185e-08,3.225803850158185e-08,3.225803850158185e-08,3.225803850158185e-08,3.225803850158185e-08,3.225803850158185e-08,3.225803850158185e-08,3.225803850158185e-08,3.225803850158185e-08
2.0833322482644544e-08,2.0833322482644544e-08,2.0833322482644544e-08,2.0833322482644544e-08,2.0833322482644544e-08,2.0833322482644544e-08,2.0833322482644544e-08,2.0833322482644544e-08,2.0833322482644544e-08,0.5624997278647251,2.0833322482644544e-08,2.0833322482644544e-08,0.22916656814241243,0.020833343315967024,2.0833322482644544e-08,2.0833322482644544e-08,2.0833322482644544e-08,2.0833322482644544e-08,2.0833322482644544e-08,2.0833322482644544e-08,2.0833322482644544e-08,2.0833322482644544e-08,2.0833322482644544e-08,0.18749992317712336,2.0833322482644544e-08
0.08571426938776094,1.4285709183675292e-08,1.4285709183675292e-08,1.4285709183675292e-08,0.014285723469384476,0.042857141836735065,1.4285709183675292e-08,1.4285709183675292e-08,1.4285709183675292e-08,1.4285709183675292e-08,0.8428568561225515,1.4285709183675292e-08,1.4285709183675292e-08,1.4285709183675292e-08,1.4285709183675292e-08,1.4285709183675292e-08,1.4285709183675292e-08,1.4285709183675292e-08,1.4285709183675292e-08,1.4285709183675292e-08,1.4285709183675292e-08,1.4285709183675292e-08,0.014285723469384476,1.4285709183675292e-08,1.4285709183675292e-08
1.75438519544509e-08,0.14035083317945915,1.75438519544509e-08,1.75438519544509e-08,1.75438519544509e-08,1.75438519544509e-08,0.17543853708836096,0.017543869498302854,1.75438519544509e-08,0.017543869498302854,1.75438519544509e-08,0.6140348359496335,1.75438519544509e-08,1.75438519544509e-08,1.75438519544509e-08,1.75438519544509e-08,1.75438519544509e-08,1.75438519544509e-08,1.75438519544509e-08,1.75438519544509e-08,1.75438519544509e-08,1.75438519544509e-08,0.03508772145275376,1.75438519544509e-08,1.75438519544509e-08
1.0101007550250618e-08,1.0101007550250618e-08,1.0101007550250618e-08,1.0101007550250618e-08,1.0101007550250618e-08,1.0101007550250618e-08,1.0101007550250618e-08,0.01010101765125817,1.0101007550250618e-08,0.0808080705030125,1.0101007550250618e-08,1.0101007550250618e-08,0.8585856518723102,0.03030303275175941,1.0101007550250618e-08,1.0101007550250618e-08,1.0101007550250618e-08,1.0101007550250618e-08,0.02020202520150879,1.0101007550250618e-08,1.0101007550250618e-08,1.0101007550250618e-08,1.0101007550250618e-08,1.0101007550250618e-08,1.0101007550250618e-08
9.900987648270384e-09,9.900987648270384e-09,9.900987648270384e-09,9.900987648270384e-09,9.900987648270384e-09,9.900987648270384e-09,9.900987648270384e-09,9.900987648270384e-09,9.900987648270384e-09,9.900987648270384e-09,9.900987648270384e-09,9.900987648270384e-09,0.01980198519752842,0.8415839600039703,9.900987648270384e-09,9.900987648270384e-09,9.900987648270384e-09,9.900987648270384e-09,0.11881186168023226,0.009900997549258031,9.900987648270384e-09,9.900987648270384e-09,9.900987648270384e-09,9.900987648270384e-09,0.009900997549258031
4.3478213610637367e-08,4.3478213610637367e-08,4.3478213610637367e-08,4.3478213610637367e-08,4.3478213610637367e-08,4.3478213610637367e-08,4.3478213610637367e-08,4.3478213610637367e-08,4.3478213610637367e-08,4.3478213610637367e-08,4.3478213610637367e-08,4.3478213610637367e-08,4.3478213610637367e-08,4.3478213610637367e-08,0.7826078884696863,4.3478213610637367e-08,4.3478213610637367e-08,0.21739111153140048,4.3478213610637367e-08,4.3478213610637367e-08,4.3478213610637367e-08,4.3478213610637367e-08,4.3478213610637367e-08,4.3478213610637367e-08,4.3478213610637367e-08
2.857140816327988e-08,2.857140816327988e-08,2.857140816327988e-08,0.028571436734688045,2.857140816327988e-08,0.057142844897967934,2.857140816327988e-08,0.028571436734688045,0.057142844897967934,2.857140816327988e-08,2.857140816327988e-08,2.857140816327988e-08,2.857140816327988e-08,2.857140816327988e-08,2.857140816327988e-08,0.8285708653065248,2.857140816327988e-08,2.857140816327988e-08,2.857140816327988e-08,2.857140816327988e-08,2.857140816327988e-08,2.857140816327988e-08,2.857140816327988e-08,2.857140816327988e-08,2.857140816327988e-08
9.999997500000625e-09,9.999997500000625e-09,9.999997500000625e-09,9.999997500000625e-09,9.999997500000625e-09,9.999997500000625e-09,9.999997500000625e-09,0.010000007499998124,9.999997500000625e-09,9.999997500000625e-09,9.999997500000625e-09,9.999997500000625e-09,9.999997500000625e-09,9.999997500000625e-09,9.999997500000625e-09,9.999997500000625e-09,0.7599998200000451,9.999997500000625e-09,0.04,9.999997500000625e-09,9.999997500000625e-09,9.999997500000625e-09,9.999997500000625e-09,0.010000007499998124,0.17999996500000878
3.33333055555787e-08,3.33333055555787e-08,3.33333055555787e-08,3.33333055555787e-08,3.33333055555787e-08,3.33333055555787e-08,3.33333055555787e-08,3.33333055555787e-08,3.33333055555787e-08,3.33333055555787e-08,3.33333055555787e-08,3.33333055555787e-08,3.33333055555787e-08,3.33333055555787e-08,0.033333338888884255,0.16666656111119907,3.33333055555787e-08,0.6666661444448796,3.33333055555787e-08,3.33333055555787e-08,0.13333325555562037,3.33333055555787e-08,3.33333055555787e-08,3.33333055555787e-08,3.33333055555787e-08
1.219511823319566e-08,1.219511823319566e-08,0.02439024866150956,1.219511823319566e-08,0.012195130428313893,1.219511823319566e-08,1.219511823319566e-08,1.219511823319566e-08,1.219511823319566e-08,1.219511823319566e-08,1.219511823319566e-08,1.219511823319566e-08,0.012195130428313893,0.14634143099346617,1.219511823319566e-08,1.219511823319566e-08,1.219511823319566e-08,1.219511823319566e-08,0.5731705691553143,1.219511823319566e-08,1.219511823319566e-08,1.219511823319566e-08,1.219511823319566e-08,1.219511823319566e-08,0.23170725862583583
8.064514503122076e-09,8.064514503122076e-09,8.064514503122076e-09,0.00806452256763658,0.09677418210197941,8.064514503122076e-09,8.064514503122076e-09,8.064514503122076e-09,8.064514503122076e-09,8.064514503122076e-09,8.064514503122076e-09,8.064514503122076e-09,8.064514503122076e-09,8.064514503122076e-09,8.064514503122076e-09,8.064514503122076e-09,8.064514503122076e-09,8.064514503122076e-09,0.00806452256763658,0.8870966034079429,8.064514503122076e-09,8.064514503122076e-09,8.064514503122076e-09,8.064514503122076e-09,8.064514503122076e-09
2.702700876553462e-08,2.702700876553462e-08,2.702700876553462e-08,0.05405404455807802,2.702700876553462e-08,2.702700876553462e-08,2.702700876553462e-08,2.702700876553462e-08,2.702700876553462e-08,2.702700876553462e-08,2.702700876553462e-08,2.702700876553462e-08,2.702700876553462e-08,2.702700876553462e-08,0.027027035792543386,2.702700876553462e-08,2.702700876553462e-08,2.702700876553462e-08,2.702700876553462e-08,0.027027035792543386,0.8918913162896512,2.702700876553462e-08,2.702700876553462e-08,2.702700876553462e-08,2.702700876553462e-08
0.11111108289242744,1.5873009574202552e-08,1.5873009574202552e-08,1.5873009574202552e-08,1.5873009574202552e-08,1.5873009574202552e-08,1.5873009574202552e-08,0.015873025447212124,1.5873009574202552e-08,1.5873009574202552e-08,1.5873009574202552e-08,0.015873025447212124,1.5873009574202552e-08,1.5873009574202552e-08,1.5873009574202552e-08,1.5873009574202552e-08,1.5873009574202552e-08,1.5873009574202552e-08,1.5873009574202552e-08,1.5873009574202552e-08,1.5873009574202552e-08,0.8571425328799473,1.5873009574202552e-08,1.5873009574202552e-08,1.5873009574202552e-08
0.0655737600107541,1.6393435904329548e-08,1.6393435904329548e-08,1.6393435904329548e-08,1.6393435904329548e-08,1.6393435904329548e-08,1.6393435904329548e-08,1.6393435904329548e-08,1.6393435904329548e-08,0.01639345229776545,1.6393435904329548e-08,0.03278688820209501,1.6393435904329548e-08,1.6393435904329548e-08,1.6393435904329548e-08,1.6393435904329548e-08,1.6393435904329548e-08,1.6393435904329548e-08,1.6393435904329548e-08,1.6393435904329548e-08,1.6393435904329548e-08,1.6393435904329548e-08,0.8360652475142428,0.049180324106424554,1.6393435904329548e-08
2.0833322482644544e-08,2.0833322482644544e-08,2.0833322482644544e-08,2.0833322482644544e-08,2.0833322482644544e-08,2.0833322482644544e-08,2.0833322482644544e-08,0.020833343315967024,2.0833322482644544e-08,0.1666666006944788,2.0833322482644544e-08,2.0833322482644544e-08,2.0833322482644544e-08,2.0833322482644544e-08,2.0833322482644544e-08,2.0833322482644544e-08,2.0833322482644544e-08,2.0833322482644544e-08,2.0833322482644544e-08,2.0833322482644544e-08,2.0833322482644544e-08,2.0833322482644544e-08,0.062499988281256115,0.7291663077258814,0.020833343315967024
1.3157890408588682e-08,1.3157890408588682e-08,1.3157890408588682e-08,1.3157890408588682e-08,1.3157890408588682e-08,1.3157890408588682e-08,1.3157890408588682e-08,0.01315790356647909,1.3157890408588682e-08,0.039473684383656456,1.3157890408588682e-08,1.3157890408588682e-08,1.3157890408588682e-08,1.3157890408588682e-08,1.3157890408588682e-08,1.3157890408588682e-08,0.3026314925554301,1.3157890408588682e-08,0.17105258846954327,1.3157890408588682e-08,1.3157890408588682e-08,1.3157890408588682e-08,1.3157890408588682e-08,1.3157890408588682e-08,0.47368406786708295
